1234567890987654321	0.04436860068259386
1234567899876543210	0.01877133105802048
1234567891011121314	0.011945392491467578
1234567890123456789	0.006825938566552901
0000000000000000000	0.006825938566552901
0123456789876543210	0.005119453924914676
9937698199937614841	0.0034129692832764505
7905280165885591882	0.0034129692832764505
2787100010093577400	0.0034129692832764505
1880617170027272637	0.0034129692832764505
1880411100137415417	0.0034129692832764505
1363681890723394421	0.0034129692832764505
1357908642123456789	0.0034129692832764505
1234567891234567891	0.0034129692832764505
1234567891234567890	0.0034129692832764505
1130779258115011055	0.0034129692832764505
1123851210245618792	0.0034129692832764505
1111111111111111111	0.0034129692832764505
0987654321123456789	0.0034129692832764505
0929313968512061990	0.0034129692832764505
0874722243077253119	0.0034129692832764505
0853125650342801800	0.0034129692832764505
0830830830832206026	0.0034129692832764505
0809071492051474610	0.0034129692832764505
0557693300892722440	0.0034129692832764505
0235539510235539510	0.0034129692832764505
0105263973186452456	0.0034129692832764505
3333333333333333333	0.0034129692832764505
1234561452006123456	0.0034129692832764505
6328042269398319668	0.0017064846416382253
0226012009282977437	0.0017064846416382253
1991032013918552932	0.0017064846416382253
7774758691236584769	0.0017064846416382253
1101228076005161854	0.0017064846416382253
2121212121212121212	0.0017064846416382253
1234567896325874143	0.0017064846416382253
3214849901109015993	0.0017064846416382253
0541131081219901992	0.0017064846416382253
1021198709163904684	0.0017064846416382253
1909072521148140392	0.0017064846416382253
0607473401792520135	0.0017064846416382253
9999999999999999999	0.0017064846416382253
9876543211234567089	0.0017064846416382253
9876543210123654789	0.0017064846416382253
9874157412369741593	0.0017064846416382253
9841501061014289735	0.0017064846416382253
9638527410147258369	0.0017064846416382253
9632587410369852147	0.0017064846416382253
9503140569739541361	0.0017064846416382253
9405076020123456789	0.0017064846416382253
9403040293020963172	0.0017064846416382253
9402281903220406080	0.0017064846416382253
9350881853143433433	0.0017064846416382253
9309071155378726228	0.0017064846416382253
9212241672719617852	0.0017064846416382253
9202182602431779696	0.0017064846416382253
9106211502085714715	0.0017064846416382253
9010315775621457197	0.0017064846416382253
9006250751892561990	0.0017064846416382253
9004748339249859074	0.0017064846416382253
8888888888888888888	0.0017064846416382253
8543978715749457125	0.0017064846416382253
8501016237775610767	0.0017064846416382253
8436190151516192412	0.0017064846416382253
8205766007172487008	0.0017064846416382253
8168773131123456789	0.0017064846416382253
7960310961210159753	0.0017064846416382253
7937090363882171135	0.0017064846416382253
7895285214753691835	0.0017064846416382253
7878362335596589948	0.0017064846416382253
7819752241994102430	0.0017064846416382253
7539518524567418965	0.0017064846416382253
7418529639876543221	0.0017064846416382253
7410852096306467451	0.0017064846416382253
7410155106515120424	0.0017064846416382253
7274546709194588216	0.0017064846416382253
7222410331065583062	0.0017064846416382253
6973802398944939935	0.0017064846416382253
6772101195632534806	0.0017064846416382253
6681272754901017980	0.0017064846416382253
6364477500132797967	0.0017064846416382253
6317084217244255968	0.0017064846416382253
6271819123456789123	0.0017064846416382253
6138565745123456789	0.0017064846416382253
6100982180766345296	0.0017064846416382253
5964058059258085970	0.0017064846416382253
5854262267481415222	0.0017064846416382253
5765386200107506055	0.0017064846416382253
5685470126918335033	0.0017064846416382253
5622904541271521159	0.0017064846416382253
5555555555555555555	0.0017064846416382253
5525311940700047191	0.0017064846416382253
5522469277672278266	0.0017064846416382253
5493125209214788811	0.0017064846416382253
5478963210433716281	0.0017064846416382253
5473421527502171220	0.0017064846416382253
5464849114869681291	0.0017064846416382253
5420362508569957217	0.0017064846416382253
5418481033206505449	0.0017064846416382253
5416654107541118575	0.0017064846416382253
5411085501019288697	0.0017064846416382253
5374672101020203030	0.0017064846416382253
5349834534123456789	0.0017064846416382253
5251192108019841011	0.0017064846416382253
5155210531554205525	0.0017064846416382253
5141004750810426408	0.0017064846416382253
5125141656333593633	0.0017064846416382253
5110098794054271326	0.0017064846416382253
5050211017925311988	0.0017064846416382253
5006054717652796459	0.0017064846416382253
4921404085444888888	0.0017064846416382253
4910312190850776560	0.0017064846416382253
4910210156484329005	0.0017064846416382253
4902555555555555555	0.0017064846416382253
4871180948061248473	0.0017064846416382253
4862157934826159357	0.0017064846416382253
4838454427667264427	0.0017064846416382253
4824254005718092529	0.0017064846416382253
4801051012830040603	0.0017064846416382253
4731205052204582125	0.0017064846416382253
4724137091996170021	0.0017064846416382253
4683127941768570083	0.0017064846416382253
4594859485948594859	0.0017064846416382253
4585866695122377485	0.0017064846416382253
4562936209204121706	0.0017064846416382253
4491501063600860313	0.0017064846416382253
4464300091940637755	0.0017064846416382253
4328309805328501209	0.0017064846416382253
4323455642239538607	0.0017064846416382253
4129052415263748596	0.0017064846416382253
4125369874125369874	0.0017064846416382253
4110322608170851725	0.0017064846416382253
4074163458203315663	0.0017064846416382253
3966543207053910726	0.0017064846416382253
3850966559124224955	0.0017064846416382253
3684125597824657193	0.0017064846416382253
3596979852421636465	0.0017064846416382253
3576430750874692009	0.0017064846416382253
3454889190350090160	0.0017064846416382253
3434648151623422111	0.0017064846416382253
3408983655386771893	0.0017064846416382253
3404057370898856055	0.0017064846416382253
3236532365321612312	0.0017064846416382253
3231607909173361845	0.0017064846416382253
3218029290857792595	0.0017064846416382253
3217241243336212401	0.0017064846416382253
3216549877894561230	0.0017064846416382253
3213213210104232704	0.0017064846416382253
3188876939314752413	0.0017064846416382253
3162051690364612807	0.0017064846416382253
3152342669627931523	0.0017064846416382253
3141592653589793238	0.0017064846416382253
3117414645327031814	0.0017064846416382253
3036746493313945171	0.0017064846416382253
2910521261698324052	0.0017064846416382253
2903881880329394441	0.0017064846416382253
2900322125840344283	0.0017064846416382253
2891012410030029838	0.0017064846416382253
2850519170042356767	0.0017064846416382253
2811340850396613440	0.0017064846416382253
2742662893336425954	0.0017064846416382253
2735586993090513778	0.0017064846416382253
2728874081224873311	0.0017064846416382253
2708341249900240207	0.0017064846416382253
2662877990052651688	0.0017064846416382253
2605932111932511003	0.0017064846416382253
2602097704128842852	0.0017064846416382253
2601253290814681172	0.0017064846416382253
2590401604144408850	0.0017064846416382253
2552593743635751997	0.0017064846416382253
2531825308055774069	0.0017064846416382253
2489521953688272923	0.0017064846416382253
2481106004120500369	0.0017064846416382253
2468101212345678951	0.0017064846416382253
2451778404165495013	0.0017064846416382253
2441991244199124199	0.0017064846416382253
2425263218485866248	0.0017064846416382253
2424141004246759183	0.0017064846416382253
2394727604164001672	0.0017064846416382253
2393621030811802875	0.0017064846416382253
2387392428059624520	0.0017064846416382253
2375601237145623014	0.0017064846416382253
2345678901234567890	0.0017064846416382253
2342342342424234234	0.0017064846416382253
2327543380877123430	0.0017064846416382253
2318863200819981003	0.0017064846416382253
2295269181303582304	0.0017064846416382253
2266507896109801104	0.0017064846416382253
2262987654322859192	0.0017064846416382253
2253192290896747456	0.0017064846416382253
2236198301030795344	0.0017064846416382253
2230300703723991427	0.0017064846416382253
2212072311953789758	0.0017064846416382253
2210153110856017859	0.0017064846416382253
2205238202625109140	0.0017064846416382253
2204284504241655394	0.0017064846416382253
2191588125816141339	0.0017064846416382253
2149743116130458812	0.0017064846416382253
2131047632411835561	0.0017064846416382253
2129542219932622645	0.0017064846416382253
2123664392070303657	0.0017064846416382253
2120307820862020935	0.0017064846416382253
2108840904267546609	0.0017064846416382253
2107784104140741531	0.0017064846416382253
2103912012345678426	0.0017064846416382253
2078161104122970674	0.0017064846416382253
2076488704148286869	0.0017064846416382253
2052293091719872007	0.0017064846416382253
2018502817167234182	0.0017064846416382253
2012369633201258523	0.0017064846416382253
2009123456789123456	0.0017064846416382253
2007071781348676530	0.0017064846416382253
2006000000000000000	0.0017064846416382253
2003228102123470932	0.0017064846416382253
1997671804161735622	0.0017064846416382253
1995091269978260913	0.0017064846416382253
1991995511789456123	0.0017064846416382253
1989656400148545424	0.0017064846416382253
1989030299655507922	0.0017064846416382253
1986871813912517330	0.0017064846416382253
1983853150890173916	0.0017064846416382253
1978961927672178359	0.0017064846416382253
1943452514316163264	0.0017064846416382253
1929086800690059300	0.0017064846416382253
1920226125789471937	0.0017064846416382253
1916966704248219633	0.0017064846416382253
1910904204091301036	0.0017064846416382253
1907985414008452685	0.0017064846416382253
1890404100170424524	0.0017064846416382253
1880730324790140584	0.0017064846416382253
1880222134129171803	0.0017064846416382253
1880212303970075380	0.0017064846416382253
1873497444992272179	0.0017064846416382253
1873497444991646323	0.0017064846416382253
1860304134171113483	0.0017064846416382253
1851124362474585117	0.0017064846416382253
1840707375485178638	0.0017064846416382253
1803755519084268059	0.0017064846416382253
1760617937512345606	0.0017064846416382253
1730300804123760507	0.0017064846416382253
1729900346329192538	0.0017064846416382253
1716461670863813347	0.0017064846416382253
1707261707269035735	0.0017064846416382253
1671858878237116606	0.0017064846416382253
1649712101513181621	0.0017064846416382253
1626683113594789123	0.0017064846416382253
1597535795147852369	0.0017064846416382253
1561675204141486854	0.0017064846416382253
1560100301685270736	0.0017064846416382253
1551984195519591980	0.0017064846416382253
1545658678789456123	0.0017064846416382253
1539900494141120538	0.0017064846416382253
1532051221442890540	0.0017064846416382253
1479896702822041283	0.0017064846416382253
1478523699632587410	0.0017064846416382253
1478523693107216348	0.0017064846416382253
1475369963574112336	0.0017064846416382253
1434522465825817913	0.0017064846416382253
1430244201267410409	0.0017064846416382253
1422569819905112560	0.0017064846416382253
1419900435538716586	0.0017064846416382253
1411300010058123456	0.0017064846416382253
1371989289071334000	0.0017064846416382253
1367842500895911312	0.0017064846416382253
1352467896321479317	0.0017064846416382253
1349900667145245789	0.0017064846416382253
1346791378456213700	0.0017064846416382253
1321212831986811199	0.0017064846416382253
1320521354632101479	0.0017064846416382253
1310918989158912289	0.0017064846416382253
1309900524913134301	0.0017064846416382253
1301393121031032537	0.0017064846416382253
1267952428195376492	0.0017064846416382253
1249800074089374501	0.0017064846416382253
1245123455432154321	0.0017064846416382253
1236547899874563210	0.0017064846416382253
1236547891478523690	0.0017064846416382253
1235791997532123579	0.0017064846416382253
1235789512357895123	0.0017064846416382253
1234567895748624153	0.0017064846416382253
1234567892542541254	0.0017064846416382253
1234567891345678900	0.0017064846416382253
1234567891018001930	0.0017064846416382253
1234567891012131415	0.0017064846416382253
1234567891011121319	0.0017064846416382253
1234567891011121315	0.0017064846416382253
1234567891011121313	0.0017064846416382253
1234567890814324252	0.0017064846416382253
1234567890721825143	0.0017064846416382253
1234567890098765432	0.0017064846416382253
1233456789123456789	0.0017064846416382253
1223344556677889900	0.0017064846416382253
1222997019942007236	0.0017064846416382253
1222222222222222222	0.0017064846416382253
1219960736925818636	0.0017064846416382253
1219861909194025066	0.0017064846416382253
1213141516171819110	0.0017064846416382253
1213141516171819100	0.0017064846416382253
1212121212121212121	0.0017064846416382253
1210300054994150730	0.0017064846416382253
1208379601122332233	0.0017064846416382253
1159900152449340424	0.0017064846416382253
1134128894071601310	0.0017064846416382253
1126275200899065463	0.0017064846416382253
1123581321345589144	0.0017064846416382253
1108200409229447617	0.0017064846416382253
1103300021771101033	0.0017064846416382253
1076588010080989551	0.0017064846416382253
1026912787235422835	0.0017064846416382253
1020304050690708090	0.0017064846416382253
1014580040010133003	0.0017064846416382253
1012122814957397578	0.0017064846416382253
1011101110111011101	0.0017064846416382253
1010101010101010101	0.0017064846416382253
1004199509205282461	0.0017064846416382253
0987654321234567890	0.0017064846416382253
0974716984027882095	0.0017064846416382253
0933042541004040091	0.0017064846416382253
0929749353519962008	0.0017064846416382253
0928952309289523629	0.0017064846416382253
0928304212826072651	0.0017064846416382253
0927723527241052638	0.0017064846416382253
0920793969014344567	0.0017064846416382253
0920458126208171989	0.0017064846416382253
0919633372185529191	0.0017064846416382253
0919524296053507571	0.0017064846416382253
0919092609282739897	0.0017064846416382253
0918227078507762639	0.0017064846416382253
0917442235152827643	0.0017064846416382253
0910733045754553236	0.0017064846416382253
0909321315007132141	0.0017064846416382253
0900172888824285811	0.0017064846416382253
0899406779043519199	0.0017064846416382253
0899204235032424035	0.0017064846416382253
0898433190042489489	0.0017064846416382253
0896493842075441105	0.0017064846416382253
0895911335075317283	0.0017064846416382253
0894677085074378077	0.0017064846416382253
0890479947035586176	0.0017064846416382253
0890373502084788852	0.0017064846416382253
0889801871113070042	0.0017064846416382253
0878598023042443488	0.0017064846416382253
0877990872501370015	0.0017064846416382253
0874637731077259240	0.0017064846416382253
0874107237042398378	0.0017064846416382253
0873820217076421709	0.0017064846416382253
0873084346048224318	0.0017064846416382253
0869581349074648848	0.0017064846416382253
0869018290055513883	0.0017064846416382253
0859270891042462121	0.0017064846416382253
0858998512075310308	0.0017064846416382253
0858133326028748340	0.0017064846416382253
0857720744044371574	0.0017064846416382253
0856239616054315135	0.0017064846416382253
0854981058045463602	0.0017064846416382253
0853420171142954536	0.0017064846416382253
0852229166055611054	0.0017064846416382253
0852221236447230912	0.0017064846416382253
0852203866024355627	0.0017064846416382253
0851871228032447474	0.0017064846416382253
0851778014035235334	0.0017064846416382253
0851361163028104061	0.0017064846416382253
0850067339042323086	0.0017064846416382253
0849564168042781231	0.0017064846416382253
0846992796028153370	0.0017064846416382253
0846951463084354278	0.0017064846416382253
0846454193024388999	0.0017064846416382253
0844831163013988630	0.0017064846416382253
0844263015028879646	0.0017064846416382253
0843218933028113255	0.0017064846416382253
0840190901025659247	0.0017064846416382253
0839276902023266942	0.0017064846416382253
0837930600876997513	0.0017064846416382253
0837917667023768439	0.0017064846416382253
0836116805029757600	0.0017064846416382253
0835203101029961780	0.0017064846416382253
0834168414043996545	0.0017064846416382253
0831406707042462313	0.0017064846416382253
0831358344023720237	0.0017064846416382253
0830839995555657830	0.0017064846416382253
0828764985868458213	0.0017064846416382253
0820017332908819097	0.0017064846416382253
0816944962024523646	0.0017064846416382253
0813088860036628130	0.0017064846416382253
0810286482053687139	0.0017064846416382253
0810280962027552302	0.0017064846416382253
0807882070811546429	0.0017064846416382253
0805616838039544424	0.0017064846416382253
0802009501051448270	0.0017064846416382253
0801128491032341790	0.0017064846416382253
0800288313188211556	0.0017064846416382253
0800047602044410297	0.0017064846416382253
0788825378151578789	0.0017064846416382253
0772233883388552211	0.0017064846416382253
0754177885923031992	0.0017064846416382253
0742579670872888219	0.0017064846416382253
0742570109074236811	0.0017064846416382253
0741974280727426968	0.0017064846416382253
0732316180896550899	0.0017064846416382253
0729753184123456789	0.0017064846416382253
0728830800728830180	0.0017064846416382253
0724503636123456789	0.0017064846416382253
0701004020050602878	0.0017064846416382253
0604354621095708498	0.0017064846416382253
0567218210869315613	0.0017064846416382253
0566236540875662905	0.0017064846416382253
0563264950871954539	0.0017064846416382253
0556252170855103733	0.0017064846416382253
0552841070869343535	0.0017064846416382253
0552448980852273103	0.0017064846416382253
0547051630861933657	0.0017064846416382253
0546458910894353369	0.0017064846416382253
0546432390851074940	0.0017064846416382253
0545328150801280781	0.0017064846416382253
0544919470691901785	0.0017064846416382253
0544890532052591797	0.0017064846416382253
0544604114914531453	0.0017064846416382253
0543435020861870927	0.0017064846416382253
0536403060846087235	0.0017064846416382253
0535203220814728129	0.0017064846416382253
0532851440251145541	0.0017064846416382253
0529915514867843345	0.0017064846416382253
0503720100899988899	0.0017064846416382253
0444616550895798887	0.0017064846416382253
0426903489721467197	0.0017064846416382253
0424805446219786198	0.0017064846416382253
0424708610316885941	0.0017064846416382253
0424508839611121986	0.0017064846416382253
0416892249304072906	0.0017064846416382253
0416567805020552285	0.0017064846416382253
0416316226025358060	0.0017064846416382253
0416259255110852456	0.0017064846416382253
0416241917325305603	0.0017064846416382253
0416239099822598609	0.0017064846416382253
0414924350620129414	0.0017064846416382253
0414847127619891455	0.0017064846416382253
0414824070023702557	0.0017064846416382253
0414744330120198799	0.0017064846416382253
0414598507419515265	0.0017064846416382253
0414334236622440976	0.0017064846416382253
0414245398619444409	0.0017064846416382253
0414215499322667485	0.0017064846416382253
0412833262623917065	0.0017064846416382253
0412750599625669250	0.0017064846416382253
0412742576221019445	0.0017064846416382253
0412736570319314304	0.0017064846416382253
0412616720920780547	0.0017064846416382253
0412616717314101994	0.0017064846416382253
0412434870823920371	0.0017064846416382253
0412229009713628364	0.0017064846416382253
0406198804146062398	0.0017064846416382253
0394318460866183393	0.0017064846416382253
0383733760871157934	0.0017064846416382253
0374254430861129923	0.0017064846416382253
0364832390865254376	0.0017064846416382253
0357266890876073658	0.0017064846416382253
0356291560128803980	0.0017064846416382253
0352640260866133543	0.0017064846416382253
0346126480895380432	0.0017064846416382253
0343226030877173318	0.0017064846416382253
0322890119773854916	0.0017064846416382253
0316497852456753951	0.0017064846416382253
0296933724903039784	0.0017064846416382253
0295883590831338385	0.0017064846416382253
0290020390813869689	0.0017064846416382253
0289673670859350038	0.0017064846416382253
0289254240289258425	0.0017064846416382253
0280902630859026065	0.0017064846416382253
0277652442324448285	0.0017064846416382253
0274107420128999068	0.0017064846416382253
0273520150846986995	0.0017064846416382253
0273209623925337303	0.0017064846416382253
0272818890830535539	0.0017064846416382253
0271314110819187219	0.0017064846416382253
0270253530818133103	0.0017064846416382253
0268824990897420998	0.0017064846416382253
0264323300105497456	0.0017064846416382253
0255223989745841256	0.0017064846416382253
0255132870863227437	0.0017064846416382253
0245581336923436337	0.0017064846416382253
0235539510123916289	0.0017064846416382253
0231513340852118734	0.0017064846416382253
0231039850107138129	0.0017064846416382253
0212577512020602710	0.0017064846416382253
0202541201258963256	0.0017064846416382253
0194794730308201990	0.0017064846416382253
0182218259125067242	0.0017064846416382253
0178939222608301092	0.0017064846416382253
0161645630161520356	0.0017064846416382253
0155551793151470425	0.0017064846416382253
0129547014022817374	0.0017064846416382253
0129501338123456789	0.0017064846416382253
0128288600108830528	0.0017064846416382253
0127541160012361006	0.0017064846416382253
0126452540123456789	0.0017064846416382253
0123915302492060123	0.0017064846416382253
0123894453023177599	0.0017064846416382253
0123456891011121314	0.0017064846416382253
0123456789987654321	0.0017064846416382253
0123456789874563210	0.0017064846416382253
0123266768347299123	0.0017064846416382253
0121820606504482777	0.0017064846416382253
0120676110915567123	0.0017064846416382253
0118921654123456789	0.0017064846416382253
0114832940129838906	0.0017064846416382253
0106825588048795150	0.0017064846416382253
0105351269123456789	0.0017064846416382253
0105125952010564428	0.0017064846416382253
0103178610035023857	0.0017064846416382253
0102030302013845117	0.0017064846416382253
0101591991200748400	0.0017064846416382253
0082119693097420814	0.0017064846416382253
0078712021061705716	0.0017064846416382253
0041216532788110585	0.0017064846416382253
