0000000000000000000000000000	0.18181818181818182
1111111111111111111111111111	0.11363636363636363
5555555555555555555555555555	0.06818181818181818
1111111111111111111111111155	0.045454545454545456
3000000000000000000000000000	0.022727272727272728
9407250264100094072502641000	0.022727272727272728
7652794793389327273123456789	0.022727272727272728
7033866703386670338667033866	0.022727272727272728
5754588581601257517445756909	0.022727272727272728
5567068548940253416635579251	0.022727272727272728
4906881326009263216627621214	0.022727272727272728
4646545645645464566465464664	0.022727272727272728
4357928435792848088484808848	0.022727272727272728
3659757285444728544473244825	0.022727272727272728
3352310382184554737457779899	0.022727272727272728
3110198901340432184322055892	0.022727272727272728
2323232323232323232333333333	0.022727272727272728
2222222222222222222222222222	0.022727272727272728
2050877205087520557962053636	0.022727272727272728
1234567899876543210161032469	0.022727272727272728
1123851321345589144233377610	0.022727272727272728
1123581321345589144233377610	0.022727272727272728
0908288401191009077143613007	0.022727272727272728
0886625060165522909088232223	0.022727272727272728
0740402696074584680814011989	0.022727272727272728
0724458013020519900749862325	0.022727272727272728
0403296395112233445566778899	0.022727272727272728
0106153864326167458854963321	0.022727272727272728
5264964646454898798798797987	0.022727272727272728
7845123265842624867593518246	0.022727272727272728
