1234567891012345678910	0.02032520325203252
5555555555555555555555	0.016260162601626018
9999999999999999999999	0.016260162601626018
0207364285260118756507	0.016260162601626018
1111111111111111111111	0.008130081300813009
1122334455667788991010	0.008130081300813009
0000000000000000000000	0.008130081300813009
2222222222222222222222	0.008130081300813009
0535395515005353955150	0.008130081300813009
9379992512409199733995	0.008130081300813009
8923116434889231160080	0.008130081300813009
0562324476105623257558	0.0040650406504065045
2015573081322533115898	0.0040650406504065045
0961636187327141488705	0.0040650406504065045
2709196725020501061969	0.0040650406504065045
1234567891010987654321	0.0040650406504065045
1011121314151617181920	0.0040650406504065045
1234567890012345678900	0.0040650406504065045
1234567891234567891234	0.0040650406504065045
0123456789101112131415	0.0040650406504065045
1122334455667788990011	0.0040650406504065045
3333333333333333333333	0.0040650406504065045
1234567890123456789012	0.0040650406504065045
1122334455667788990000	0.0040650406504065045
7777777777777777777777	0.0040650406504065045
6666666666666666666666	0.0040650406504065045
1212121212121212121212	0.0040650406504065045
1123581321345589144233	0.0040650406504065045
4444444444444444444444	0.0040650406504065045
1415926535897932384626	0.0040650406504065045
1234567890000987654321	0.0040650406504065045
1234567890123456789000	0.0040650406504065045
0123456789109876543210	0.0040650406504065045
0011223344556677889900	0.0040650406504065045
6547913351968477773232	0.0040650406504065045
1234567899876543210000	0.0040650406504065045
1122334455667788991100	0.0040650406504065045
1020304050607080901000	0.0040650406504065045
0919731753159824655320	0.0040650406504065045
1222222222222222222222	0.0040650406504065045
1305010203040506070809	0.0040650406504065045
2248116553575515246859	0.0040650406504065045
1505199007291233304475	0.0040650406504065045
0920556984209276351698	0.0040650406504065045
2666666666666666666666	0.0040650406504065045
9876543211234567888889	0.0040650406504065045
9825018080987891171717	0.0040650406504065045
9637972356088712600445	0.0040650406504065045
9501022769195010227691	0.0040650406504065045
9412271028394122710283	0.0040650406504065045
9410060853970175186162	0.0040650406504065045
9409120756550164906295	0.0040650406504065045
9010255005590102550055	0.0040650406504065045
9010048546890100465468	0.0040650406504065045
9007260358050148139015	0.0040650406504065045
8911051456550169003756	0.0040650406504065045
8850921437107309312064	0.0040650406504065045
8712200654418912125174	0.0040650406504065045
8307173378685349071749	0.0040650406504065045
8230141978230141978230	0.0040650406504065045
8121978102819984222000	0.0040650406504065045
8091172313490036564271	0.0040650406504065045
7894561230878945612308	0.0040650406504065045
7877454874597459632010	0.0040650406504065045
7628945139028561037490	0.0040650406504065045
6455168683619711047585	0.0040650406504065045
6369159301096340279836	0.0040650406504065045
5567124055095802921737	0.0040650406504065045
5555493472932695554934	0.0040650406504065045
5298227789234772550745	0.0040650406504065045
5162738495415263748596	0.0040650406504065045
4935070509049350705090	0.0040650406504065045
4716593025809154667615	0.0040650406504065045
4621988462198802121991	0.0040650406504065045
4512757919032513152897	0.0040650406504065045
4458912181469214684816	0.0040650406504065045
3911363145157272814344	0.0040650406504065045
3524598352229919930411	0.0040650406504065045
3326157591237894566908	0.0040650406504065045
3309877472134799082118	0.0040650406504065045
2599108373150819089073	0.0040650406504065045
2455252254545383575451	0.0040650406504065045
2454901532411088122485	0.0040650406504065045
2322468500109226805007	0.0040650406504065045
2306940745325260230694	0.0040650406504065045
2288888888888888888888	0.0040650406504065045
2235815923022358159230	0.0040650406504065045
2234239300000000000000	0.0040650406504065045
2181144151421811441514	0.0040650406504065045
2146613721466137220494	0.0040650406504065045
2131143247871005658425	0.0040650406504065045
2066463336209523612680	0.0040650406504065045
2003890742681236200389	0.0040650406504065045
2002314686209156871062	0.0040650406504065045
1935167453988329361834	0.0040650406504065045
1930225020019302250200	0.0040650406504065045
1815947667495181852456	0.0040650406504065045
1708217198715044123905	0.0040650406504065045
1616161616161616161616	0.0040650406504065045
1561465456646456465456	0.0040650406504065045
1515151515151515151515	0.0040650406504065045
1357952468120219949193	0.0040650406504065045
1351068619313510686193	0.0040650406504065045
1308746714077876478031	0.0040650406504065045
1215198126031595693223	0.0040650406504065045
1208199412089412081994	0.0040650406504065045
1199861199821005252908	0.0040650406504065045
1190611922731124061994	0.0040650406504065045
1123152134895614043120	0.0040650406504065045
1019030763890213633410	0.0040650406504065045
0937322431509197104988	0.0040650406504065045
0928700978109212243113	0.0040650406504065045
0928423530809103107024	0.0040650406504065045
0928227251091765172507	0.0040650406504065045
0927466243209227687474	0.0040650406504065045
0927452746309274527561	0.0040650406504065045
0927219346709219635346	0.0040650406504065045
0926699906909266999069	0.0040650406504065045
0922493972009286346089	0.0040650406504065045
0921756781609217300540	0.0040650406504065045
0921739977409198452761	0.0040650406504065045
0921720234709155323083	0.0040650406504065045
0921682411609194739804	0.0040650406504065045
0921635547109054682361	0.0040650406504065045
0921554265209264064629	0.0040650406504065045
0921358761509284464552	0.0040650406504065045
0921294159209102744244	0.0040650406504065045
0921269069425891251994	0.0040650406504065045
0921265612109108210479	0.0040650406504065045
0920450406409198494072	0.0040650406504065045
0920228304809205025275	0.0040650406504065045
0919849407209204504064	0.0040650406504065045
0919559457309263263317	0.0040650406504065045
0919500868509195827488	0.0040650406504065045
0919416902409282764655	0.0040650406504065045
0919388726409173765035	0.0040650406504065045
0919322957909212945226	0.0040650406504065045
0919295633009198662434	0.0040650406504065045
0918585386909187844210	0.0040650406504065045
0918291308309192370744	0.0040650406504065045
0918281080609182810806	0.0040650406504065045
0918279138709202936860	0.0040650406504065045
0918259929309104063953	0.0040650406504065045
0917606730909274185757	0.0040650406504065045
0917394625909282259115	0.0040650406504065045
0916263268209272195440	0.0040650406504065045
0915452156209202511481	0.0040650406504065045
0915349288209192110087	0.0040650406504065045
0915254764141202031133	0.0040650406504065045
0910984884709063209614	0.0040650406504065045
0910820162909082997924	0.0040650406504065045
0910317496609152049243	0.0040650406504065045
0910302326009108914747	0.0040650406504065045
0906486257809159115539	0.0040650406504065045
0905802604709269205122	0.0040650406504065045
0905363261909163910305	0.0040650406504065045
0824045785945245261203	0.0040650406504065045
0816950539140869350377	0.0040650406504065045
0813180005854631641291	0.0040650406504065045
0774881214707748812147	0.0040650406504065045
0772969671001525758723	0.0040650406504065045
0752930251641925341991	0.0040650406504065045
0669240101949900069234	0.0040650406504065045
0612197750120802285279	0.0040650406504065045
0544469862505464262026	0.0040650406504065045
0542873780586161930542	0.0040650406504065045
0539600388105373170889	0.0040650406504065045
0507511139870100669577	0.0040650406504065045
0424939478304249394783	0.0040650406504065045
0416240252404145243419	0.0040650406504065045
0414256467104143893423	0.0040650406504065045
0414079685004141367942	0.0040650406504065045
0408211973134679159753	0.0040650406504065045
0387669685803804328896	0.0040650406504065045
0317623108615033823295	0.0040650406504065045
0316199617412125689590	0.0040650406504065045
0261787674604149637525	0.0040650406504065045
0222200504108238790874	0.0040650406504065045
0216530370102165303701	0.0040650406504065045
0205801948409067818274	0.0040650406504065045
0162348974607908040301	0.0040650406504065045
0160325009101603250091	0.0040650406504065045
0158488134307805580996	0.0040650406504065045
0147025803690106329698	0.0040650406504065045
0141569590507837470950	0.0040650406504065045
0129557194860117065140	0.0040650406504065045
0126431848464948462788	0.0040650406504065045
0124001238203520000000	0.0040650406504065045
0108156833770106633460	0.0040650406504065045
0105652366298680141091	0.0040650406504065045
0102424260122313325473	0.0040650406504065045
0100475642250103564149	0.0040650406504065045
0056321079287587981508	0.0040650406504065045
0020201064636624129109	0.0040650406504065045
0919926875709535486250	0.0040650406504065045
3685297413524278580599	0.0040650406504065045
1987123084665231974631	0.0040650406504065045
9816770289367822011990	0.0040650406504065045
8964752588589643504768	0.0040650406504065045
8964273273189642732731	0.0040650406504065045
8963258893889130343537	0.0040650406504065045
8953783944389538601345	0.0040650406504065045
8952527684189525276841	0.0040650406504065045
8927859128989278591289	0.0040650406504065045
8927090246089374240484	0.0040650406504065045
8919924340189199548024	0.0040650406504065045
8916687791789166877917	0.0040650406504065045
8908946144189089461441	0.0040650406504065045
8906207470489062074074	0.0040650406504065045
8902380986889047730304	0.0040650406504065045
8771172545521079490740	0.0040650406504065045
8095867647880660692915	0.0040650406504065045
7745654746457565456745	0.0040650406504065045
4724859746010398647942	0.0040650406504065045
4435782010121520221992	0.0040650406504065045
2458525554565852961800	0.0040650406504065045
2201503487481398140196	0.0040650406504065045
1994040978144815162342	0.0040650406504065045
1357912345678963258741	0.0040650406504065045
0984856360121021088789	0.0040650406504065045
0927652166909276788188	0.0040650406504065045
0894300260089200998855	0.0040650406504065045
0839524025396847737623	0.0040650406504065045
0807199220102015201079	0.0040650406504065045
0167360102201673601022	0.0040650406504065045
0102048487301723232355	0.0040650406504065045
