123	0.2533586520764414
101	0.021860253716568852
666	0.019339486307062642
007	0.018408752937089014
100	0.01731328799720855
777	0.014027641957430368
111	0.013226821893724176
143	0.012372464069798264
321	0.01218639227378986
001	0.008443990517451812
420	0.007843843457086677
456	0.007723289899109401
999	0.00733879143934958
333	0.006910863747523411
555	0.00666226883293673
312	0.0066049871734009434
000	0.005578035591004458
911	0.005387845505748383
200	0.005254188300164882
222	0.00499511046749322
789	0.004854714243140802
786	0.004756624081059913
888	0.004686987553781114
120	0.004665647327679546
112	0.00461360712718625
121	0.004454865796185117
124	0.004055766129092643
520	0.0038506004465723104
012	0.003768983441482105
234	0.003760372473055157
619	0.0032231229211999047
355	0.003186432707902473
412	0.0031699595509117892
159	0.0031486193248102218
125	0.0029895036038774816
147	0.002748022097991323
247	0.0026630355835166597
213	0.0026203551313135247
500	0.002548472264445087
182	0.0023616516885734697
122	0.0023455529215143925
987	0.0023429321919931473
345	0.0023103602679433862
300	0.002272546884851135
102	0.0022425956903226194
360	0.002225748143400329
212	0.0022133932756573165
187	0.0021654713644116913
135	0.0021549884463267104
444	0.0020831055794582726
199	0.0020670068123991954
311	0.002064760472809557
132	0.002049784875545299
009	0.00204229707691317
110	0.0019966215052571834
117	0.001996247115325577
228	0.001976404448950435
521	0.001971162989907945
313	0.001958433732233326
214	0.0019247386383887456
411	0.0018352594447348046
113	0.0018240277467866113
711	0.0017873375334891794
369	0.0017772290053358053
316	0.0017682436469772505
567	0.0017663716973192183
211	0.0017102132075782512
712	0.001680636402981342
223	0.0016783900633917032
210	0.0016536803279056777
201	0.0016031376871388074
808	0.0015978962280963171
098	0.0015559645557563949
198	0.0015514718765771175
246	0.001545107247739808
108	0.001515904833074505
008	0.0015028011854682794
127	0.0014885743680672343
002	0.0014627414627863895
357	0.0014477658655221318
323	0.0014473914755905252
128	0.00142792319914699
900	0.0014065829730454224
221	0.0013994695643449
129	0.0013874890865334937
678	0.0013848683570122486
103	0.0013837451872174293
225	0.0013736366590640552
105	0.0013702671496795972
126	0.001367646420158352
131	0.0013564147222101584
011	0.001335074496108591
215	0.0013324537665873458
310	0.0013275866974764622
010	0.0013260891377500363
305	0.001324965967955217
003	0.0013238427981603976
115	0.001322345238433972
177	0.0013219708485023654
314	0.0013111135404857783
119	0.0012811623459572626
145	0.0012800391761624433
109	0.0012770440567095916
150	0.0012624428493769402
114	0.0012422257930701922
202	0.0012411026232753727
873	0.0012133977683364957
118	0.0011943038818245668
231	0.0011886880328504702
713	0.001179328284560309
890	0.001175958775175851
510	0.0011632295175012318
512	0.0011227954048877355
104	0.0011168051659820324
224	0.0011119380968711485
250	0.0011104405371447227
107	0.0011070710277602646
116	0.0011033271284442002
133	0.0011029527385125937
812	0.0010992088391965293
209	0.001089849090906368
400	0.001087977141248336
013	0.0010842332419322713
134	0.0010816125124110262
197	0.0010771198332317489
741	0.0010703808144628328
258	0.0010643905755571296
600	0.0010584003366514265
005	0.0010580259467198201
909	0.0010464198588400202
415	0.001043799129318775
626	0.0010355625508234332
413	0.0010265771924648785
714	0.0010235820730120269
220	0.0010202125636275688
315	0.0009928820986202982
106	0.000990261369099053
818	0.0009895125892358401
831	0.0009880150295094145
216	0.000986143079851382
217	0.0009831479603985306
319	0.0009745369919715823
303	0.0009543199356648342
318	0.0009513248162119826
421	0.0009453345773062794
325	0.0009412162880586085
317	0.0009378467786741504
912	0.0009359748290161182
157	0.0009348516592212989
654	0.0009284870303839892
800	0.0009239943512047119
747	0.000919876061957041
365	0.0009153833827777637
612	0.0009150089928461572
130	0.0009131370431881249
414	0.0009116394834616992
410	0.000909767533803667
232	0.0009011565653767186
515	0.0008902992573601317
006	0.000884683408386035
227	0.0008835602385912156
137	0.0008820626788647899
320	0.0008753236600958738
718	0.0008719541507114158
916	0.0008682102513953513
151	0.0008659639118057126
324	0.000862968792352861
707	0.0008547322138575191
525	0.0008524858742678805
144	0.0008442492957725387
218	0.0008393822266616548
219	0.0008337663776875581
350	0.0008303968683031001
168	0.0008288993085766743
519	0.0008266529689870357
963	0.0008251554092606098
423	0.0008244066293973969
511	0.0008236578495341841
156	0.0008172932206968745
700	0.000816918830765268
505	0.0008068103026118939
322	0.0008049383529538617
180	0.0007978249442533392
256	0.000795952994595307
727	0.0007892139758263909
004	0.0007880908060315715
513	0.0007824749570574748
242	0.0007798542275362297
196	0.0007734895986989201
155	0.0007719920389724943
501	0.0007719920389724943
141	0.0007716176490408879
343	0.000766750579930004
613	0.0007652530202035783
852	0.0007607603410243009
717	0.000760011561161088
504	0.0007596371712294815
951	0.0007472823034864687
813	0.0007461591336916495
721	0.0007439127941020108
327	0.0007401688947859463
206	0.000738296945127914
910	0.0007379225551963077
226	0.0007330554860854238
753	0.0007311835364273916
245	0.0007278140270429336
523	0.0007259420773849013
611	0.0007255676874532949
913	0.0007240701277268691
419	0.0007240701277268691
235	0.0007233213478636561
190	0.0007199518384791981
723	0.0007195774485475916
233	0.0007027299016253016
153	0.0007012323418988757
719	0.0007008579519672694
138	0.0006993603922408435
616	0.0006971140526512049
455	0.0006944933231299598
331	0.0006941189331983533
203	0.0006937445432667468
425	0.0006903750338822888
710	0.000688877474155863
514	0.0006866311345662243
422	0.0006828872352501598
326	0.0006791433359340954
021	0.0006791433359340954
328	0.0006776457762076696
623	0.0006757738265496374
195	0.0006753994366180309
925	0.0006742762668232115
811	0.0006739018768916051
254	0.0006735274869599986
142	0.0006660396883278697
205	0.0006660396883278697
921	0.0006641677386698375
416	0.0006619213990801988
136	0.0006596750594905601
617	0.0006589262796273472
191	0.0006578031098325279
426	0.0006548079903796764
152	0.0006499409212687925
610	0.0006476945816791538
522	0.0006473201917475474
417	0.0006465714118843344
427	0.0006454482420895152
828	0.0006409555629102378
424	0.0006402067830470248
330	0.0006379604434573862
432	0.0006364628837309604
615	0.0006312214246884701
923	0.0006297238649620444
516	0.000628600695167225
301	0.0006259799656459799
169	0.0006248567958511605
787	0.0006196153368086703
919	0.0006188665569454573
171	0.0006169946072874251
189	0.000615122657629393
621	0.00061437387776618
914	0.00061437387776618
518	0.0006083836388604769
252	0.0006080092489288704
817	0.0006072604690656575
614	0.0006065116892024446
014	0.0006061372992708381
531	0.0006046397395444124
517	0.0006038909596811995
974	0.0006005214502967414
722	0.0005990238905703157
715	0.0005982751107071028
454	0.000596777550980677
163	0.0005952799912542512
918	0.0005919104818697932
823	0.0005915360919381867
329	0.0005915360919381867
192	0.000589289752348548
408	0.0005874178026905159
450	0.00058592024296409
816	0.00058592024296409
181	0.0005844226832376643
243	0.0005836739033744514
929	0.0005803043939899933
625	0.0005799300040583869
543	0.0005780580544003547
334	0.0005776836644687482
915	0.0005769348846055353
716	0.0005679495262469806
815	0.0005672007463837676
922	0.0005668263564521612
989	0.000564954406794129
229	0.0005645800168625225
720	0.0005627080672044903
724	0.0005627080672044903
822	0.0005615848974096709
725	0.0005612105074780645
255	0.000560836117546458
526	0.000560836117546458
154	0.0005604617276148516
248	0.0005600873376832451
562	0.0005593385578200323
237	0.0005589641678884258
019	0.0005582153880252129
524	0.0005555946585039678
188	0.0005544714887091484
624	0.0005525995390511162
527	0.0005522251491195098
140	0.0005518507591879033
530	0.0005511019793246904
731	0.0005484812498034453
240	0.0005481068598718388
347	0.000547358080008626
805	0.0005466093001454131
821	0.0005458605202822001
622	0.0005454861303505937
139	0.0005454861303505937
161	0.0005443629605557744
167	0.0005402446713081035
428	0.0005391215015132841
236	0.0005372495518552519
429	0.0005342544324024003
556	0.0005335056525391874
239	0.000532382482744368
023	0.0005320080928127616
901	0.0005316337028811552
146	0.0005312593129495487
457	0.0005305105330863358
810	0.0005275154136334842
418	0.0005263922438386648
618	0.0005260178539070585
696	0.0005230227344542069
430	0.0005211507847961746
928	0.0005204020049329617
404	0.0005192788351381424
528	0.0005192788351381424
728	0.0005177812754117166
183	0.0005174068854801101
765	0.0005170324955485037
158	0.0005136629861640457
204	0.0005121654264376199
207	0.0005106678667111942
917	0.0005106678667111942
809	0.0005087959170531619
253	0.0005076727472583426
574	0.0005072983573267361
208	0.0005061751875319167
667	0.0005058007976003103
920	0.0005054264076687038
814	0.000504677627805491
924	0.0005043032378738845
824	0.0005039288479422781
337	0.0005024312882158522
230	0.0005009337284894265
750	0.00050055933855782
561	0.0004990617788313942
927	0.0004990617788313942
149	0.0004986873888997877
178	0.0004975642191049685
825	0.0004968154392417555
281	0.0004964410493101491
241	0.0004949434895837234
972	0.0004945690996521169
445	0.000493820319788904
627	0.000493820319788904
302	0.000493071539925691
529	0.0004859581312251686
166	0.0004855837412935621
251	0.0004844605714987428
148	0.0004840861815671363
559	0.0004840861815671363
244	0.00048333740170392346
620	0.00048258862184071054
165	0.00048221423190910413
726	0.00048071667218267834
757	0.0004788447225246461
729	0.0004758496030717945
702	0.00047397765341376227
174	0.0004732288735505494
650	0.00047285448361894294
175	0.00047210570375573
628	0.00047135692389251716
015	0.00046911058430287845
876	0.00046761302457645266
990	0.00046237156553396243
998	0.00046199717560235597
630	0.0004616227856707495
172	0.0004616227856707495
269	0.0004601252259443237
926	0.00045937644608111085
826	0.0004590020561495044
017	0.0004567557165598657
160	0.0004563813266282593
503	0.0004548837669018335
238	0.00045413498703862057
819	0.0004481447481329174
070	0.0004473959682697045
546	0.0004470215783380981
827	0.0004440264588852465
374	0.00044215450922721427
973	0.00044103133943239494
173	0.000440282559569182
194	0.0004391593897743627
193	0.00043878499984275623
470	0.00043878499984275623
185	0.00043578988038990465
304	0.0004327947609370531
069	0.00042643013209974347
453	0.0004249325723733177
629	0.0004245581824417112
550	0.0004234350126468919
356	0.00042231184285207256
730	0.0004219374529204661
565	0.0004219374529204661
257	0.0004211886730572532
401	0.0004178191636727952
170	0.00041744477374118874
637	0.00041744477374118874
354	0.00041594721401476295
829	0.00041519843415155003
545	0.0004140752643567307
299	0.00041070575497227267
016	0.00040958258517745334
541	0.0004092081952458469
332	0.0004092081952458469
820	0.00040883380531424047
262	0.000408459415382634
022	0.00040808502545102755
306	0.0004069618556562082
699	0.00040658746572460176
889	0.000405089905998176
308	0.0004047155160665695
474	0.00040396673620335665
954	0.00040396673620335665
289	0.0004035923462717502
164	0.0004035923462717502
179	0.0004013460066821115
509	0.0004005972268188986
288	0.00040022283688729215
351	0.0003994740570240793
601	0.0003979764972976535
309	0.0003979764972976535
277	0.0003979764972976535
341	0.0003972277174344406
405	0.0003957301577080148
267	0.0003953557677764083
336	0.00039348381811837613
978	0.0003927350382551632
908	0.00039236064832355675
971	0.00039198625839195034
342	0.0003916118684603439
573	0.0003912374785287374
737	0.00039086308859713096
162	0.00039086308859713096
024	0.00038973991880231163
282	0.0003893655288707052
997	0.0003886167490074923
671	0.0003878679691442794
176	0.0003878679691442794
275	0.0003871191892810665
778	0.00038599601948624714
486	0.00038599601948624714
458	0.0003837496798966085
353	0.000383375289965002
352	0.00038187773023857624
801	0.0003807545604437569
956	0.0003785082208541182
307	0.0003770106611276924
991	0.0003758874913328731
259	0.0003755131014012666
602	0.0003743899316064473
535	0.0003736411517432344
469	0.0003736411517432344
018	0.00037251798194841505
451	0.0003717692020852022
278	0.00037102042222198926
184	0.0003706460322903828
606	0.0003702716423587764
186	0.0003702716423587764
930	0.0003702716423587764
335	0.00036839969270074414
898	0.00036690213297431836
442	0.00036577896317949903
502	0.00036577896317949903
099	0.00036315823365825386
570	0.00036278384372664745
773	0.00036166067393182807
373	0.0003609118940686152
669	0.00036053750413700874
090	0.0003594143343421894
899	0.0003594143343421894
564	0.00035791677461576363
585	0.00035679360482094425
265	0.00035379848536809267
407	0.00035379848536809267
381	0.00035379848536809267
547	0.0003523009256416669
268	0.000351552145778454
285	0.00035117775584684756
409	0.00035005458605202823
361	0.00034855702632560244
363	0.00034855702632560244
379	0.00034855702632560244
271	0.0003478082464623895
272	0.0003478082464623895
266	0.0003474338565307831
904	0.00034631068673596373
745	0.0003451875169411444
656	0.0003451875169411444
435	0.0003436899572147186
274	0.00034331556728311216
249	0.00034181800755668637
465	0.0003410692276934735
464	0.0003410692276934735
344	0.0003403204478302606
554	0.0003399460578986541
452	0.0003399460578986541
463	0.0003395716679670477
053	0.0003388228881038348
996	0.0003380741082406219
830	0.000337325328377409
292	0.00033695093844580254
645	0.00033657654851419614
057	0.0003358277686509832
025	0.00033395581899295097
988	0.00033358142906134456
279	0.0003332070391297381
579	0.0003332070391297381
287	0.00033283264919813164
569	0.0003324582592665252
263	0.00032871435995046074
358	0.0003283399700188543
992	0.00032759119015564136
575	0.0003268424102924285
346	0.0003245960707027898
440	0.0003245960707027898
993	0.0003238472908395769
434	0.00032347290090797045
031	0.00032347290090797045
788	0.00032347290090797045
636	0.00032347290090797045
394	0.0003223497311131511
459	0.00032085217138672534
359	0.0003204777814551189
270	0.0003201033915235124
735	0.0003189802217286931
775	0.0003189802217286931
969	0.00031860583179708663
264	0.0003174826620022673
375	0.00031673388213905444
478	0.00031561071234423505
261	0.0003144875425494157
020	0.00031298998282298994
566	0.0003126155928913835
402	0.000312241202959777
298	0.000312241202959777
767	0.00031149242309656415
686	0.00031149242309656415
985	0.00031149242309656415
063	0.00031074364323335123
701	0.00030999486337013836
468	0.0003084973036437126
291	0.0003084973036437126
050	0.0003081229137121061
903	0.0003081229137121061
366	0.00030625096405407387
676	0.000305502184190861
578	0.000305502184190861
661	0.00030512779425925454
386	0.00030512779425925454
367	0.00030512779425925454
364	0.0003047534043276481
383	0.0003047534043276481
995	0.0003040046244644352
568	0.0003025070647380094
665	0.0003017582848747965
589	0.00030100950501158364
297	0.0003006351150799772
657	0.0003002607251483707
273	0.0003002607251483707
290	0.0002998863352167643
077	0.0002998863352167643
986	0.0002991375553535514
772	0.0002983887754903385
295	0.0002976399956271256
957	0.0002976399956271256
878	0.00029726560569551914
785	0.0002968912157639127
406	0.0002961424359006998
377	0.00029576804596909335
534	0.00029576804596909335
551	0.00029576804596909335
675	0.0002953936560374869
283	0.0002950192661058805
338	0.0002950192661058805
284	0.000294644876174274
552	0.00029427048624266756
756	0.0002938960963110611
887	0.00029314731644784824
945	0.0002927729265162418
897	0.00029164975672142245
286	0.0002905265869266031
378	0.00029015219699499666
733	0.00029015219699499666
553	0.00028902902720017733
280	0.00028902902720017733
705	0.00028865463726857087
091	0.0002882802473369644
755	0.0002882802473369644
599	0.00028790585740535795
431	0.00028753146747375154
734	0.0002871570775421451
489	0.0002867826876105386
389	0.00028640829767893216
339	0.00028640829767893216
507	0.0002849107379525064
483	0.00028453634802089997
886	0.00028453634802089997
631	0.0002841619580892935
260	0.00028378756815768705
533	0.00028378756815768705
276	0.0002834131782260806
633	0.0002834131782260806
447	0.0002834131782260806
484	0.0002830387882944742
586	0.0002826643983628677
089	0.0002826643983628677
349	0.00028229000843126126
646	0.00028229000843126126
027	0.0002819156184996548
691	0.00028154122856804834
905	0.00028154122856804834
856	0.00028079244870483547
690	0.00028079244870483547
293	0.000280418058773229
393	0.00028004366884162255
540	0.00027966927891001614
776	0.00027966927891001614
843	0.0002792948889784097
532	0.0002789204990468032
542	0.0002789204990468032
689	0.0002789204990468032
980	0.00027854610911519676
433	0.0002777973292519839
981	0.000277048549388771
850	0.00027667415945716457
388	0.0002762997695255581
348	0.00027592537959395165
642	0.0002755509896623452
587	0.0002755509896623452
441	0.00027442781986752586
732	0.00027442781986752586
864	0.0002740534299359194
494	0.000273679040004313
632	0.000273679040004313
477	0.00027330465007270653
577	0.00027293026014110007
781	0.00027293026014110007
399	0.0002725558702094936
033	0.0002725558702094936
536	0.0002714327004146743
576	0.0002714327004146743
879	0.0002710583104830678
396	0.0002710583104830678
704	0.0002710583104830678
563	0.0002706839205514614
340	0.00027030953061985496
863	0.0002699351406882485
902	0.0002684375809618227
771	0.0002673144111670034
760	0.0002669400212353969
641	0.00026656563130379046
392	0.00026544246150897113
931	0.00026544246150897113
294	0.0002643192917141518
508	0.0002635705118509389
774	0.0002635705118509389
848	0.0002635705118509389
588	0.0002635705118509389
296	0.0002631961219193324
544	0.0002631961219193324
976	0.0002631961219193324
768	0.000262821731987726
370	0.000262821731987726
488	0.000262821731987726
549	0.00026244734205611956
557	0.00026244734205611956
703	0.0002620729521245131
803	0.0002620729521245131
467	0.00026169856219290664
380	0.00026169856219290664
798	0.00026132417226130023
479	0.0002605753923980873
385	0.0002605753923980873
845	0.0002605753923980873
668	0.00026020100246648085
598	0.00026020100246648085
387	0.00025982661253487444
799	0.000259452222603268
055	0.0002590778326716615
030	0.0002590778326716615
858	0.0002579546628768422
635	0.00025758027294523573
609	0.00025758027294523573
855	0.00025758027294523573
443	0.00025758027294523573
895	0.00025683149308202287
499	0.00025683149308202287
595	0.00025683149308202287
506	0.0002564571031504164
687	0.0002564571031504164
762	0.0002564571031504164
994	0.00025608271321880994
797	0.0002553339333555971
460	0.0002553339333555971
975	0.0002553339333555971
647	0.0002549595434239906
634	0.0002549595434239906
907	0.0002549595434239906
371	0.0002549595434239906
959	0.0002549595434239906
662	0.00025458515349238416
677	0.00025458515349238416
382	0.00025346198369756483
475	0.0002523388139027455
883	0.0002523388139027455
944	0.00025196442397113904
791	0.00025196442397113904
832	0.0002515900340395326
495	0.0002508412541763197
487	0.0002508412541763197
966	0.0002508412541763197
655	0.0002500924743131068
466	0.0002500924743131068
893	0.00024971808438150033
868	0.00024971808438150033
604	0.00024971808438150033
548	0.00024934369444989387
652	0.00024934369444989387
770	0.00024896930451828747
403	0.000248594914586681
485	0.000248594914586681
584	0.000248594914586681
688	0.00024822052465507454
891	0.0002474717447918617
537	0.0002474717447918617
558	0.0002474717447918617
679	0.0002470973548602552
448	0.0002459741850654359
979	0.0002459741850654359
875	0.00024559979513382943
877	0.00024522540520222297
955	0.0002444766253390101
384	0.0002429790656125843
892	0.0002422302857493714
854	0.0002422302857493714
782	0.00024185589581776496
754	0.0002414815058861585
368	0.0002414815058861585
941	0.00024110711595455207
698	0.00024110711595455207
362	0.0002407327260229456
881	0.0002407327260229456
462	0.0002399839461597327
436	0.0002399839461597327
742	0.00023960955622812628
949	0.00023923516629651982
571	0.00023923516629651982
591	0.00023886077636491338
743	0.0002381119965017005
026	0.0002381119965017005
869	0.0002381119965017005
763	0.0002381119965017005
752	0.00023773760657009403
395	0.00023773760657009403
984	0.0002373632166384876
643	0.00023698882670688114
449	0.00023698882670688114
437	0.00023698882670688114
697	0.00023624004684366824
582	0.0002358656569120618
793	0.00023549126698045535
982	0.00023549126698045535
833	0.00023511687704884891
933	0.000234368097185636
804	0.00023399370725402956
885	0.0002336193173224231
977	0.0002336193173224231
693	0.00023324492739081667
482	0.00023324492739081667
692	0.0002328705374592102
684	0.00023249614752760377
953	0.0002321217575959973
867	0.00023174736766439088
664	0.00023137297773278442
397	0.00023099858780117798
937	0.00023099858780117798
493	0.00023099858780117798
769	0.00023099858780117798
663	0.0002302498079379651
838	0.0002302498079379651
398	0.0002302498079379651
706	0.0002302498079379651
751	0.0002295010280747522
795	0.00022912663814314574
842	0.0002287522482115393
932	0.00022837785827993284
644	0.00022837785827993284
653	0.00022837785827993284
865	0.0002280034683483264
764	0.0002280034683483264
983	0.0002280034683483264
965	0.00022725468848511351
032	0.00022725468848511351
884	0.00022725468848511351
446	0.00022725468848511351
748	0.00022725468848511351
934	0.00022688029855350705
028	0.00022688029855350705
376	0.00022650590862190062
779	0.00022650590862190062
593	0.00022650590862190062
882	0.00022650590862190062
603	0.00022613151869029416
939	0.00022575712875868773
597	0.00022500834889547483
802	0.00022500834889547483
391	0.00022463395896386837
538	0.00022425956903226194
874	0.00022388517910065548
970	0.00022388517910065548
935	0.00022351078916904904
952	0.00022351078916904904
759	0.00022276200930583615
896	0.0002223876193742297
936	0.0002216388395110168
744	0.0002216388395110168
648	0.00022126444957941036
894	0.0002208900596478039
967	0.0002208900596478039
572	0.0002208900596478039
492	0.00022051566971619747
651	0.000220141279784591
080	0.00021976688985298457
694	0.00021976688985298457
672	0.00021864372005816522
695	0.00021864372005816522
592	0.00021864372005816522
471	0.00021864372005816522
783	0.00021789494019495233
659	0.00021752055026334587
583	0.00021714616033173943
473	0.00021677177040013297
088	0.00021677177040013297
784	0.00021677177040013297
372	0.00021677177040013297
605	0.00021677177040013297
866	0.00021602299053692008
438	0.00021489982074210075
943	0.00021489982074210075
766	0.00021489982074210075
073	0.00021415104087888786
476	0.00021415104087888786
498	0.00021415104087888786
481	0.0002137766509472814
639	0.00021340226101567496
758	0.00021340226101567496
844	0.00021340226101567496
658	0.0002130278710840685
480	0.0002130278710840685
794	0.00021265348115246207
761	0.00021265348115246207
081	0.00021265348115246207
834	0.0002122790912208556
054	0.00021190470128924917
835	0.00021190470128924917
596	0.00021153031135764271
539	0.00021153031135764271
496	0.00021115592142603628
472	0.00021115592142603628
736	0.00021078153149442982
847	0.00021078153149442982
792	0.0002104071415628234
497	0.00021003275163121693
560	0.0002096583616996105
461	0.0002089095818363976
581	0.00020778641204157824
871	0.00020778641204157824
685	0.0002074120221099718
806	0.0002074120221099718
749	0.00020628885231515246
862	0.00020591446238354602
660	0.00020516568252033313
846	0.00020479129258872667
390	0.00020366812279390731
968	0.00020291934293069442
682	0.000202544952999088
708	0.000202544952999088
837	0.000202544952999088
861	0.00020142178320426863
964	0.00020067300334105574
958	0.0002002986134094493
961	0.00019992422347784284
607	0.0001995498335462364
681	0.00019917544361462995
580	0.00019917544361462995
029	0.00019917544361462995
746	0.00019917544361462995
906	0.00019842666375141706
853	0.00019842666375141706
872	0.00019842666375141706
709	0.00019842666375141706
859	0.00019842666375141706
962	0.00019842666375141706
674	0.00019805227381981062
638	0.00019767788388820416
040	0.00019730349395659773
857	0.00019730349395659773
739	0.00019692910402499127
947	0.00019655471409338484
851	0.00019618032416177838
649	0.00019618032416177838
942	0.00019430837450374615
683	0.00019355959464053326
738	0.00019206203491410747
836	0.00019056447518768168
045	0.00019019008525607522
608	0.0001898156953244688
087	0.0001890669154612559
796	0.00018794374566643654
060	0.00018756935573483008
491	0.00018719496580322365
594	0.0001868205758716172
841	0.0001868205758716172
439	0.00018644618594001075
051	0.00018569740607679786
880	0.00018569740607679786
950	0.0001853230161451914
790	0.00018494862621358497
066	0.00018419984635037207
673	0.0001838254564187656
740	0.0001838254564187656
948	0.00018307667655555272
670	0.00018270228662394628
074	0.00018232789669233982
946	0.0001819535067607334
092	0.0001819535067607334
041	0.00017933277723948825
034	0.00017708643764984957
960	0.00017671204771824313
938	0.00017596326785503024
839	0.00017296814840217866
590	0.00016922424908611417
044	0.00016810107929129484
640	0.0001647315699068368
490	0.0001639827900436239
071	0.00016360840011201748
780	0.00016360840011201748
085	0.00016323401018041101
849	0.00016323401018041101
093	0.00016323401018041101
086	0.00016248523031719812
079	0.00016023889072755944
061	0.0001591157209327401
940	0.00015874133100113365
047	0.00015799255113792076
056	0.00015761816120631432
095	0.00015761816120631432
037	0.00015649499141149497
064	0.00015499743168506918
807	0.00015462304175346272
036	0.00015387426189024983
042	0.00015387426189024983
072	0.00014451451360008867
078	0.00014451451360008867
035	0.0001433913438052693
870	0.0001433913438052693
052	0.0001415193941472371
680	0.00014114500421563063
083	0.00013740110489956616
096	0.00013478037537832102
038	0.0001321596458570759
094	0.000131410865993863
860	0.00013103647606225655
059	0.00013066208613065011
097	0.00013066208613065011
039	0.00012766696667779854
840	0.00012766696667779854
084	0.00012616940695137275
067	0.0001235486774301276
043	0.0001235486774301276
082	0.00012205111770370182
075	0.0001179328284560309
062	0.00011493770900317931
065	0.00011269136941354063
076	0.00010707552043944393
048	9.996211173892142e-05
058	9.65926023544634e-05
046	9.397187283321827e-05
068	9.359748290161182e-05
049	8.573529433787642e-05
