1234567891011121314151617181920	0.11764705882352941
1111111111111111111111111111111	0.08823529411764706
0000000000000000000000000000000	0.08823529411764706
3333333333333333333333333333333	0.08823529411764706
5555555555555555555555555555555	0.058823529411764705
2222222222222222222222222222222	0.029411764705882353
1234567890123456789012345678901	0.029411764705882353
7816000000000000000000000000000	0.029411764705882353
1000000000000000000000000000000	0.029411764705882353
9999999999999999999999999999999	0.029411764705882353
9964616599646165321670153216715	0.029411764705882353
7777777777777777777777777777777	0.029411764705882353
6998429012449722169751266270350	0.029411764705882353
4753695532320071475369553232007	0.029411764705882353
3144744314474401857240183144744	0.029411764705882353
1341100217695045262217059294576	0.029411764705882353
1082915680301206325690053055612	0.029411764705882353
0929392783909132865199690124024	0.029411764705882353
0920515832465859521200212585956	0.029411764705882353
0753929001291091112580111091991	0.029411764705882353
0632214684063221900209262039602	0.029411764705882353
0225431935543193554319135431913	0.029411764705882353
0124310349582239858348565858111	0.029411764705882353
0123492789285663628580822846641	0.029411764705882353
