0000000000000000000000000000000000	0.16666666666666666
1111111111111111111111111111111111	0.16666666666666666
9999999999999999999999999999999999	0.08333333333333333
8795478879582202107092490210345910	0.08333333333333333
7777777777777777777777777777777777	0.08333333333333333
5555555555555555555555555555555555	0.08333333333333333
3355840301179647783315608437100114	0.08333333333333333
4135465743486764568784563487444444	0.08333333333333333
2222222222222222222222222222222222	0.08333333333333333
1133224433554466557766887799880099	0.08333333333333333
